-1732584194
-67371266
1540442304
-662840888
-125965942
1635411169
-1045343128
-236850534
-504650667
-865347467
-858900363
160448075
622083941
2109059241
733750593
117663075
1969211203
1776244361
-1972011635
-1933797931
1682531859
765453391
687378100
-731268277
1712362739
-418022466
556937123
966814184
170898667
153612364
-1794914615
27682397
1025009964
-1672399907
-9394337
1710694228
-1528453986
1764614317
93125565
515787317
1568064937
374789475
126140395
-1216270440
-207385790
-1343313596
-1375884196
-1417679345
1776221963
1872736721
1479390164
1346890200
1678698860
676575334
425720843
-2056065495
-1854474693
942518442
-1507254898
-1911793942
1526515116
1485958967
-332129137
-1940067981
-109624700
1752623011
-622903038
1433870988
989843108
794369816
-1843356661
2070381681
1418474705
1962980840
-1562013263
-1231261993
1159284815
1527109037
-1536942556
-1028788568
