-520624589
-2052222071
79761543
1192611619
-1886678965
-1515396745
859529687
1962994490
-1370425084
-722446667
-1362706139
163165454
1410176397
-2055267795
-1419904457
955700818
-206433434
-1884839325
994839122
1084558915
1979895728
432032567
-1109379630
-1910676473
1842183126
1096052252
-2130054759
2033227693
-1425170620
1965630567
-896448540
1941908285
-1858388887
1565923969
-1744900828
461888836
647149477
1375408269
525555628
-1643970718
1183071919
-1080089328
-224218286
-1342295774
628488317
-1083513297
1756811073
1704437073
-802474075
-2108167782
1701765388
743682276
365952142
-444937491
-1867065798
405106730
577838030
-567512338
1709940708
-161475467
-1999176085
334582772
532589027
-1419437786
-1209422541
307498889
-1819236854
-819448456
84850903
-1980881126
934548258
1519794406
-1179837632
240297534
-387537136
-492251674
653755033
867842935
315717224
1149314902
